4.69 8.31 93.00
5.15 7.85 111.00
5.15 7.85 110.00
5.15 7.85 110.00
5.20 7.80 110.00
5.20 7.80 110.00
5.20 7.80 110.00
4.95 8.05 109.00
5.00 8.00 110.00
5.05 7.95 110.00
4.59 8.41 108.00
5.20 7.80 111.00
5.25 7.75 110.00
4.95 8.05 109.00
4.49 8.51 107.00
5.10 7.90 111.00
5.25 7.75 110.00
5.12 7.88 110.00
4.95 8.05 109.00
5.61 7.39 112.00
5.81 7.19 111.00
5.41 7.59 110.00
6.44 6.56 114.00
6.27 6.73 112.00
6.89 6.11 114.00
7.40 5.60 115.00
7.24 5.76 113.00
8.31 4.69 118.00
7.96 5.04 114.00
8.48 4.52 117.00
8.52 4.48 116.00
9.04 3.96 118.00
8.69 4.31 116.00
9.35 3.65 119.00
9.25 3.75 117.00
9.55 3.45 119.00
10.01 2.99 120.00
10.30 2.70 120.00
11.90 1.10 125.00
11.19 1.81 120.00
12.26 0.74 125.00
12.19 0.81 123.00
13.63 -0.63 128.00
14.30 -1.30 128.00
14.59 -1.59 128.00
16.93 -3.93 136.00
18.45 -5.45 137.00
17.51 -4.51 131.00
16.69 -3.69 130.00
15.88 -2.88 128.00
18.46 -5.46 140.00
17.39 -4.39 131.00
16.73 -3.73 130.00
17.80 -4.80 136.00
17.14 -4.14 131.00
18.16 -5.16 136.00
17.49 -4.49 132.00
17.65 -4.65 134.00
17.85 -4.85 134.00
18.00 -5.00 134.00
18.16 -5.16 134.00
18.31 -5.31 135.00
18.46 -5.46 135.00
19.07 -6.07 137.00
18.36 -5.36 133.00
18.51 -5.51 135.00
18.67 -5.67 135.00
18.34 -5.34 134.00
18.92 -5.92 137.00
19.07 -6.07 136.00
18.36 -5.36 133.00
18.46 -5.46 135.00
19.04 -6.04 137.00
18.73 -5.73 135.00
18.41 -5.41 134.00
18.53 -5.53 135.00
18.63 -5.63 135.00
19.07 -6.07 137.00
18.87 -5.87 135.00
19.36 -6.36 137.00
19.02 -6.02 135.00
18.72 -5.72 135.00
19.23 -6.23 137.00
18.85 -5.85 135.00
19.38 -6.38 137.00
18.56 -5.56 134.00
19.52 -6.52 139.00
19.06 -6.06 135.00
19.23 -6.23 137.00
19.28 -6.28 137.00
19.31 -6.31 137.00
19.38 -6.38 137.00
19.41 -6.41 137.00
19.46 -6.47 137.00
19.23 -6.23 136.00
19.70 -6.70 138.00
19.28 -6.28 136.00
19.23 -6.23 136.00
19.33 -6.33 137.00
19.57 -6.57 137.00
19.57 -6.57 137.00
19.57 -6.57 137.00
19.33 -6.33 136.00
19.28 -6.28 136.00
19.18 -6.18 136.00
19.28 -6.28 137.00
19.23 -6.23 136.00
19.38 -6.38 137.00
19.43 -6.43 137.00
19.38 -6.38 137.00
19.35 -6.35 137.00
19.33 -6.33 137.00
19.30 -6.30 136.00
19.24 -6.24 136.00
19.09 -6.09 136.00
19.14 -6.14 136.00
19.09 -6.09 136.00
19.04 -6.04 136.00
18.99 -5.99 136.00
18.92 -5.92 136.00
19.28 -6.28 137.00
18.77 -5.77 134.00
18.72 -5.72 135.00
19.09 -6.09 137.00
18.85 -5.85 135.00
18.92 -5.92 136.00
18.82 -5.82 135.00
19.18 -6.18 137.00
18.67 -5.67 134.00
18.55 -5.55 135.00
18.46 -5.46 135.00
18.29 -5.29 134.00
18.70 -5.70 136.00
18.60 -5.60 135.00
18.50 -5.50 135.00
18.41 -5.41 134.00
18.31 -5.31 134.00
18.62 -5.62 136.00
18.51 -5.51 135.00
18.39 -5.39 134.00
18.31 -5.31 134.00
18.50 -5.50 135.00
18.51 -5.51 135.00
17.95 -4.95 133.00
18.26 -5.26 135.00
18.56 -5.56 136.00
18.46 -5.46 134.00
17.90 -4.90 133.00
18.21 -5.21 135.00
18.09 -5.09 134.00
17.53 -4.53 132.00
17.85 -4.85 134.00
18.16 -5.16 135.00
17.14 -4.14 130.00
17.90 -4.90 135.00
17.73 -4.73 133.00
17.60 -4.60 133.00
17.03 -4.03 131.00
17.32 -4.32 133.00
17.17 -4.17 132.00
17.44 -4.44 134.00
18.16 -5.16 136.00
17.12 -4.12 130.00
18.26 -5.26 137.00
16.10 -3.10 126.00
17.19 -4.19 134.00
15.45 -2.45 126.00
14.13 -1.13 125.00
14.54 -1.54 128.00
14.33 -1.33 127.00
12.95 0.05 122.00
12.65 0.35 124.00
12.04 0.96 122.00
12.26 0.74 124.00
10.88 2.12 118.00
11.42 1.58 123.00
10.37 2.63 118.00
11.14 1.86 123.00
10.06 2.94 117.00
9.76 3.24 118.00
9.15 3.85 116.00
9.10 3.90 117.00
9.76 3.24 120.00
8.64 4.36 114.00
8.87 4.13 117.00
8.52 4.48 116.00
8.67 4.33 117.00
8.84 4.16 117.00
8.06 4.94 114.00
8.36 4.64 116.00
7.85 5.15 114.00
7.12 5.88 112.00
7.55 5.45 115.00
7.85 5.15 116.00
7.19 5.81 113.00
6.68 6.32 112.00
6.27 6.73 111.00
6.63 6.37 113.00
6.43 6.57 112.00
5.92 7.08 110.00
5.97 7.03 111.00
5.92 7.08 111.00
5.76 7.24 111.00
5.87 7.13 111.00
5.81 7.19 111.00
5.81 7.19 111.00
5.66 7.34 110.00
5.76 7.24 111.00
5.97 7.03 112.00
5.81 7.19 111.00
5.71 7.29 111.00
5.87 7.13 111.00
5.87 7.13 111.00
5.90 7.10 111.00
5.87 7.13 111.00
6.43 6.57 113.00
6.48 6.52 113.00
6.48 6.52 112.00
6.53 6.47 113.00
6.73 6.27 113.00
6.38 6.62 111.00
7.24 5.76 116.00
7.45 5.55 115.00
7.12 5.88 113.00
7.24 5.76 114.00
8.48 4.52 119.00
7.96 5.04 114.00
8.52 4.48 117.00
8.84 4.16 117.00
8.30 4.70 115.00
8.52 4.48 117.00
9.76 3.24 121.00
8.62 4.38 114.00
9.40 3.60 119.00
9.50 3.50 118.00
9.55 3.45 118.00
10.15 2.85 120.00
10.00 3.00 119.00
11.07 1.93 123.00
10.71 2.29 120.00
11.32 1.68 123.00
11.63 1.37 123.00
11.27 1.73 121.00
11.88 1.12 124.00
11.73 1.27 122.00
12.67 0.33 125.00
12.65 0.35 124.00
13.87 -0.87 128.00
14.91 -1.91 130.00
15.50 -2.50 130.00
20.47 -7.47 148.00
19.11 -6.11 134.00
18.70 -5.70 134.00
18.29 -5.29 134.00
18.51 -5.51 135.00
17.19 -4.19 130.00
18.60 -5.60 138.00
17.48 -4.48 131.00
17.19 -4.19 132.00
17.75 -4.75 134.00
17.44 -4.44 132.00
17.14 -4.14 132.00
17.22 -4.22 133.00
18.21 -5.21 136.00
17.90 -4.90 133.00
17.54 -4.54 132.00
18.05 -5.05 135.00
18.14 -5.14 134.00
18.24 -5.24 134.00
17.90 -4.90 133.00
17.99 -4.99 134.00
18.04 -5.04 134.00
18.55 -5.55 136.00
18.62 -5.62 135.00
18.24 -5.24 134.00
18.75 -5.75 136.00
17.83 -4.83 132.00
18.00 -5.00 134.00
18.90 -5.90 137.00
18.97 -5.97 136.00
19.01 -6.01 136.00
18.60 -5.60 134.00
18.67 -5.67 135.00
18.26 -5.26 134.00
18.72 -5.72 136.00
18.31 -5.31 134.00
18.24 -5.24 134.00
18.34 -5.34 135.00
17.94 -4.94 133.00
17.94 -4.94 134.00
18.39 -5.39 136.00
18.41 -5.41 135.00
17.95 -4.95 133.00
18.39 -5.39 136.00
17.94 -4.94 133.00
17.94 -4.94 134.00
18.36 -5.36 135.00
18.36 -5.36 134.00
18.77 -5.77 136.00
18.31 -5.31 134.00
18.31 -5.31 134.00
18.72 -5.72 136.00
18.26 -5.26 134.00
18.56 -5.56 136.00
19.07 -6.07 137.00
18.62 -5.62 134.00
18.55 -5.55 135.00
18.97 -5.97 137.00
18.51 -5.51 134.00
18.21 -5.21 134.00
18.16 -5.16 134.00
17.70 -4.70 132.00
17.65 -4.65 133.00
18.16 -5.16 135.00
18.65 -5.65 136.00
18.16 -5.16 133.00
17.94 -4.94 134.00
17.80 -4.80 133.00
17.29 -4.29 131.00
17.65 -4.65 134.00
17.60 -4.60 133.00
18.21 -5.21 136.00
18.56 -5.56 136.00
18.05 -5.05 133.00
17.54 -4.54 132.00
17.90 -4.90 134.00
18.24 -5.24 135.00
18.14 -5.14 134.00
17.63 -4.63 132.00
17.53 -4.53 133.00
17.43 -4.43 133.00
17.75 -4.75 134.00
17.24 -4.24 131.00
16.68 -3.68 130.00
18.29 -5.29 137.00
18.14 -5.14 134.00
17.17 -4.17 131.00
17.49 -4.49 134.00
16.29 -3.29 128.00
15.15 -2.15 126.00
15.45 -2.45 130.00
14.13 -1.13 125.00
15.27 -2.27 131.00
14.84 -1.84 127.00
12.95 0.05 121.00
12.82 0.18 124.00
13.16 -0.16 125.00
12.04 0.96 121.00
12.29 0.71 124.00
10.93 2.07 118.00
11.07 1.93 122.00
11.32 1.68 122.00
10.32 2.68 118.00
10.68 2.32 121.00
9.95 3.05 118.00
9.61 3.39 118.00
10.63 2.37 122.00
9.20 3.80 115.00
9.81 3.19 120.00
9.20 3.80 116.00
8.74 4.26 116.00
9.04 3.96 118.00
8.77 4.23 116.00
7.96 5.04 113.00
8.09 4.91 116.00
8.62 4.38 117.00
8.01 4.99 114.00
7.50 5.50 113.00
8.36 4.64 118.00
8.26 4.74 116.00
8.06 4.94 115.00
7.24 5.76 112.00
7.19 5.81 113.00
7.12 5.88 113.00
7.40 5.60 115.00
7.45 5.55 114.00
7.40 5.60 114.00
7.68 5.32 115.00
7.24 5.76 113.00
6.89 6.11 113.00
6.89 6.11 113.00
6.78 6.22 113.00
6.99 6.01 114.00
7.34 5.66 115.00
7.34 5.66 114.00
7.29 5.71 114.00
7.45 5.55 114.00
7.89 5.11 116.00
7.09 5.91 112.00
7.02 5.98 113.00
7.19 5.81 114.00
7.24 5.76 114.00
7.65 5.35 116.00
8.16 4.84 116.00
7.96 5.04 115.00
7.58 5.42 114.00
8.01 4.99 116.00
8.84 4.16 119.00
8.67 4.33 116.00
8.35 4.65 115.00
8.74 4.26 117.00
9.30 3.70 119.00
8.67 4.33 115.00
8.69 4.31 116.00
9.69 3.31 120.00
9.50 3.50 118.00
9.20 3.80 117.00
9.86 3.14 120.00
10.25 2.75 120.00
10.06 2.94 119.00
10.98 2.02 123.00
10.71 2.29 120.00
11.29 1.71 122.00
11.54 1.46 122.00
11.19 1.81 121.00
11.73 1.27 123.00
12.44 0.56 125.00
12.04 0.96 122.00
13.06 -0.06 126.00
13.21 -0.21 125.00
13.36 -0.36 125.00
14.77 -1.77 131.00
14.94 -1.94 128.00
15.93 -2.93 132.00
19.72 -6.72 144.00
17.90 -4.90 130.00
17.88 -4.88 134.00
17.49 -4.49 132.00
17.85 -4.85 134.00
17.60 -4.60 133.00
17.70 -4.70 134.00
17.10 -4.10 131.00
17.60 -4.60 134.00
17.26 -4.26 132.00
16.90 -3.90 131.00
16.95 -3.95 132.00
17.70 -4.70 135.00
17.75 -4.75 134.00
17.82 -4.82 134.00
17.85 -4.85 134.00
17.03 -4.03 131.00
17.49 -4.49 134.00
17.09 -4.09 131.00
17.09 -4.09 132.00
17.14 -4.14 132.00
17.14 -4.14 132.00
17.14 -4.14 132.00
17.14 -4.14 132.00
17.12 -4.12 132.00
17.14 -4.14 132.00
17.12 -4.12 132.00
17.54 -4.54 134.00
17.09 -4.09 131.00
17.49 -4.49 134.00
17.03 -4.03 131.00
17.43 -4.43 134.00
17.41 -4.41 133.00
17.80 -4.80 134.00
17.75 -4.75 134.00
17.68 -4.68 133.00
17.65 -4.65 133.00
16.73 -3.73 130.00
16.68 -3.68 131.00
17.02 -4.02 133.00
17.85 -4.85 135.00
18.21 -5.21 135.00
18.16 -5.16 134.00
17.65 -4.65 132.00
17.14 -4.14 131.00
17.49 -4.49 134.00
18.70 -5.70 137.00
17.37 -4.37 130.00
15.67 -2.67 126.00
15.45 -2.45 129.00
14.59 -1.59 126.00
14.99 -1.99 129.00
14.43 -1.43 126.00
14.38 -1.38 127.00
12.85 0.15 122.00
12.70 0.30 124.00
12.55 0.45 124.00
12.10 0.90 122.00
12.21 0.79 123.00
11.24 1.76 119.00
11.08 1.92 121.00
11.48 1.52 123.00
10.37 2.63 118.00
11.07 1.93 122.00
10.57 2.43 119.00
10.01 2.99 118.00
10.20 2.80 120.00
10.05 2.95 119.00
9.59 3.41 117.00
9.81 3.19 119.00
9.64 3.36 118.00
8.77 4.23 115.00
8.43 4.57 116.00
9.30 3.70 119.00
8.74 4.26 116.00
8.45 4.55 116.00
8.69 4.31 117.00
8.50 4.50 116.00
8.43 4.57 116.00
8.09 4.91 115.00
7.60 5.40 113.00
7.45 5.55 114.00
8.25 4.75 117.00
8.31 4.69 116.00
8.53 4.47 117.00
8.09 4.91 115.00
7.74 5.26 114.00
8.14 4.86 116.00
7.70 5.30 114.00
7.60 5.40 114.00
7.70 5.30 115.00
7.70 5.30 115.00
8.04 4.96 116.00
8.09 4.91 116.00
8.25 4.75 116.00
8.60 4.40 117.00
7.80 5.20 113.00
7.60 5.40 114.00
7.60 5.40 114.00
8.11 4.89 116.00
8.79 4.21 118.00
8.59 4.42 116.00
8.64 4.36 116.00
7.96 5.04 114.00
8.42 4.58 117.00
8.89 4.11 118.00
9.45 3.55 119.00
8.59 4.42 115.00
8.69 4.31 117.00
10.20 2.80 122.00
9.91 3.09 118.00
9.49 3.51 117.00
9.59 3.41 119.00
10.27 2.73 121.00
9.86 3.14 118.00
10.40 2.60 121.00
10.68 2.32 121.00
10.37 2.63 119.00
10.83 2.17 122.00
11.42 1.58 123.00
11.24 1.76 121.00
11.27 1.73 122.00
11.85 1.15 124.00
12.09 0.91 124.00
12.17 0.83 123.00
13.11 -0.11 126.00
12.41 0.59 122.00
13.07 -0.07 126.00
14.84 -1.84 131.00
14.54 -1.54 127.00
16.47 -3.47 135.00
18.79 -5.79 140.00
18.84 -5.84 136.00
19.57 -6.57 138.00
18.31 -5.31 132.00
19.58 -6.58 140.00
17.12 -4.12 128.00
17.49 -4.49 134.00
17.49 -4.49 133.00
17.49 -4.49 133.00
17.49 -4.49 133.00
17.90 -4.90 134.00
18.31 -5.31 135.00
17.85 -4.85 133.00
19.13 -6.13 139.00
19.94 -6.94 139.00
17.34 -4.34 128.00
16.51 -3.51 129.00
15.06 -2.06 125.00
14.20 -1.20 125.00
16.90 -3.90 137.00
15.01 -2.01 125.00
14.25 -1.25 125.00
14.55 -1.55 128.00
13.69 -0.69 125.00
12.85 0.15 123.00
12.75 0.25 124.00
13.18 -0.18 125.00
12.10 0.90 121.00
12.00 1.00 123.00
11.90 1.10 122.00
11.90 1.10 123.00
11.22 1.78 120.00
11.14 1.86 121.00
11.49 1.51 122.00
11.44 1.56 122.00
10.83 2.17 119.00
10.32 2.68 119.00
11.19 1.81 123.00
10.98 2.02 121.00
10.47 2.53 119.00
9.71 3.29 117.00
9.96 3.04 119.00
10.22 2.78 120.00
10.17 2.83 119.00
10.17 2.83 119.00
9.66 3.34 117.00
9.10 3.90 116.00
9.04 3.96 117.00
9.50 3.50 119.00
9.45 3.55 118.00
9.50 3.50 118.00
9.71 3.29 119.00
9.76 3.24 119.00
9.20 3.80 116.00
9.15 3.85 117.00
8.69 4.31 116.00
8.79 4.21 117.00
9.10 3.90 118.00
8.64 4.36 116.00
8.74 4.26 117.00
8.76 4.25 117.00
8.64 4.36 116.00
8.64 4.36 116.00
8.79 4.21 117.00
8.79 4.21 117.00
9.15 3.85 118.00
9.15 3.85 117.00
9.30 3.70 118.00
9.66 3.34 119.00
9.71 3.29 119.00
10.17 2.83 120.00
10.32 2.68 120.00
9.40 3.60 116.00
9.45 3.55 118.00
9.61 3.39 119.00
9.66 3.34 119.00
9.76 3.24 119.00
10.06 2.94 120.00
10.68 2.32 122.00
10.22 2.78 119.00
9.86 3.14 118.00
9.91 3.09 119.00
10.52 2.48 121.00
10.93 2.07 122.00
11.44 1.56 123.00
10.78 2.22 119.00
10.42 2.58 119.00
10.37 2.63 120.00
11.32 1.68 123.00
11.71 1.29 123.00
11.08 1.92 120.00
11.19 1.81 122.00
11.78 1.22 124.00
12.19 0.81 124.00
12.31 0.69 124.00
11.95 1.05 122.00
12.16 0.84 124.00
12.56 0.44 125.00
13.53 -0.53 127.00
12.87 0.13 123.00
12.87 0.13 125.00
13.38 -0.38 126.00
14.30 -1.30 128.00
15.27 -2.27 131.00
14.48 -1.48 126.00
14.99 -1.99 129.00
15.61 -2.61 131.00
17.83 -4.83 138.00
16.83 -3.83 130.00
16.37 -3.37 130.00
15.50 -2.50 128.00
14.64 -1.64 126.00
14.69 -1.69 128.00
14.94 -1.94 128.00
14.43 -1.43 126.00
14.33 -1.33 127.00
13.82 -0.82 125.00
13.31 -0.31 125.00
12.80 0.20 123.00
12.97 0.03 125.00
12.60 0.40 123.00
12.09 0.91 122.00
11.59 1.41 121.00
12.44 0.56 125.00
12.24 0.76 123.00
11.75 1.25 122.00
11.34 1.66 121.00
11.14 1.86 121.00
11.08 1.92 121.00
11.83 1.17 124.00
10.98 2.02 119.00
10.83 2.17 120.00
10.32 2.68 119.00
10.37 2.63 120.00
10.71 2.29 121.00
10.73 2.27 120.00
10.68 2.32 120.00
10.51 2.49 120.00
9.95 3.05 118.00
9.89 3.11 119.00
9.96 3.04 119.00
10.35 2.65 120.00
10.22 2.78 119.00
10.15 2.85 119.00
10.22 2.78 119.00
10.06 2.94 119.00
10.06 2.94 119.00
10.01 2.99 119.00
8.99 4.01 115.00
9.10 3.90 118.00
9.54 3.46 119.00
9.20 3.80 117.00
9.20 3.80 118.00
9.10 3.90 117.00
9.08 3.92 117.00
9.20 3.80 118.00
9.66 3.34 119.00
9.55 3.45 118.00
9.55 3.45 118.00
9.71 3.29 119.00
10.06 2.94 120.00
10.06 2.94 119.00
10.22 2.78 120.00
10.27 2.73 120.00
10.63 2.37 121.00
10.22 2.78 119.00
10.37 2.63 120.00
9.96 3.04 118.00
9.49 3.51 117.00
9.71 3.29 119.00
10.98 2.02 123.00
10.93 2.07 121.00
10.98 2.02 121.00
10.73 2.27 120.00
10.35 2.65 119.00
10.30 2.70 119.00
10.37 2.63 120.00
10.97 2.03 122.00
11.39 1.61 122.00
11.42 1.58 122.00
11.19 1.81 121.00
11.27 1.73 122.00
11.24 1.76 121.00
11.29 1.71 122.00
12.10 0.90 125.00
11.88 1.12 122.00
11.53 1.47 121.00
11.65 1.35 122.00
12.24 0.76 125.00
12.65 0.35 125.00
13.16 -0.16 125.00
13.36 -0.36 125.00
12.90 0.10 124.00
13.41 -0.41 126.00
14.89 -1.89 131.00
14.43 -1.43 126.00
14.54 -1.54 128.00
14.59 -1.59 128.00
15.96 -2.96 133.00
16.88 -3.88 134.00
17.70 -4.70 135.00
17.41 -4.41 132.00
16.40 -3.41 129.00
16.57 -3.58 131.00
15.95 -2.95 129.00
16.37 -3.37 131.00
14.67 -1.67 125.00
14.50 -1.50 127.00
14.84 -1.84 128.00
13.87 -0.87 125.00
13.01 -0.01 123.00
12.80 0.20 124.00
13.57 -0.57 127.00
12.70 0.30 122.00
12.09 0.91 122.00
11.99 1.01 123.00
11.63 1.37 122.00
11.88 1.12 123.00
11.27 1.73 120.00
11.63 1.37 123.00
11.22 1.78 121.00
11.59 1.41 123.00
11.37 1.63 121.00
10.86 2.14 120.00
10.91 2.09 121.00
10.30 2.70 119.00
10.66 2.34 121.00
11.12 1.88 122.00
11.07 1.93 121.00
10.93 2.07 121.00
10.40 2.60 119.00
10.05 2.95 119.00
10.00 3.00 119.00
9.61 3.39 118.00
10.25 2.75 121.00
10.30 2.70 120.00
10.63 2.37 121.00
10.56 2.44 120.00
11.08 1.92 122.00
10.63 2.37 119.00
10.05 2.95 118.00
10.06 2.94 119.00
10.17 2.83 119.00
10.06 2.94 119.00
10.05 2.95 119.00
10.15 2.85 119.00
10.61 2.39 121.00
10.98 2.02 122.00
10.57 2.43 119.00
10.73 2.27 121.00
10.20 2.80 119.00
10.22 2.78 119.00
10.37 2.63 120.00
9.96 3.04 118.00
9.89 3.11 119.00
10.37 2.63 121.00
10.06 2.94 119.00
10.86 2.14 122.00
10.91 2.09 121.00
10.97 2.03 121.00
11.14 1.86 122.00
10.68 2.32 119.00
10.71 2.29 120.00
10.86 2.14 121.00
10.93 2.07 121.00
10.88 2.12 121.00
11.39 1.61 123.00
11.54 1.46 122.00
11.07 1.93 120.00
11.58 1.42 123.00
11.32 1.68 121.00
11.37 1.63 122.00
11.78 1.22 123.00
12.29 0.71 125.00
12.04 0.96 122.00
11.59 1.41 121.00
11.85 1.15 123.00
12.72 0.28 125.00
13.12 -0.12 125.00
13.21 -0.21 125.00
12.85 0.15 124.00
13.46 -0.46 126.00
13.87 -0.87 127.00
14.38 -1.38 128.00
15.01 -2.01 129.00
14.99 -1.99 128.00
15.05 -2.05 128.00
15.96 -2.96 132.00
17.83 -4.83 137.00
15.96 -2.96 126.00
15.50 -2.50 128.00
14.79 -1.79 126.00
14.64 -1.64 127.00
15.05 -2.05 129.00
14.54 -1.54 126.00
14.89 -1.89 129.00
14.79 -1.79 128.00
13.41 -0.41 123.00
13.01 -0.01 124.00
12.80 0.20 124.00
13.16 -0.16 125.00
13.06 -0.06 125.00
12.21 0.79 122.00
11.58 1.42 121.00
11.54 1.46 122.00
12.16 0.84 124.00
11.54 1.46 121.00
11.27 1.73 121.00
11.24 1.76 121.00
11.68 1.32 123.00
11.08 1.92 120.00
11.44 1.56 122.00
11.48 1.52 122.00
11.32 1.68 121.00
10.81 2.19 119.00
10.35 2.65 119.00
10.40 2.60 120.00
10.71 2.29 121.00
10.68 2.32 120.00
10.71 2.29 120.00
11.14 1.86 122.00
10.97 2.03 121.00
10.73 2.27 120.00
11.02 1.98 122.00
10.93 2.07 121.00
10.46 2.54 119.00
10.56 2.44 120.00
10.98 2.02 122.00
10.42 2.58 119.00
10.42 2.58 120.00
10.51 2.49 120.00
10.40 2.60 119.00
10.42 2.58 120.00
10.86 2.14 122.00
10.56 2.44 119.00
10.46 2.54 120.00
10.22 2.78 119.00
10.57 2.43 121.00
10.93 2.07 122.00
10.91 2.09 121.00
11.39 1.61 122.00
11.07 1.93 120.00
10.98 2.02 121.00
11.03 1.97 121.00
10.73 2.27 120.00
11.08 1.92 122.00
10.66 2.34 119.00
10.71 2.29 120.00
10.40 2.60 119.00
10.35 2.65 119.00
10.83 2.17 122.00
11.39 1.61 123.00
11.44 1.56 122.00
11.14 1.86 121.00
11.42 1.58 122.00
11.58 1.42 122.00
11.12 1.88 120.00
11.17 1.83 122.00
11.34 1.66 122.00
11.37 1.63 122.00
11.73 1.27 123.00
11.80 1.20 122.00
12.41 0.59 125.00
11.93 1.07 122.00
11.99 1.01 123.00
11.63 1.37 122.00
12.65 0.35 125.00
12.82 0.18 125.00
13.57 -0.57 127.00
13.33 -0.33 125.00
12.60 0.40 122.00
13.36 -0.36 127.00
13.41 -0.41 125.00
14.33 -1.33 129.00
14.84 -1.84 129.00
14.48 -1.48 127.00
14.54 -1.54 128.00
14.59 -1.59 128.00
15.50 -2.50 131.00
15.96 -2.96 131.00
17.29 -4.29 135.00
17.73 -4.73 134.00
17.60 -4.60 133.00
16.85 -3.85 130.00
16.08 -3.08 129.00
16.37 -3.37 131.00
15.52 -2.52 128.00
15.05 -2.05 127.00
14.59 -1.59 127.00
14.50 -1.50 127.00
14.45 -1.45 127.00
14.35 -1.35 127.00
14.38 -1.38 127.00
12.92 0.08 122.00
12.87 0.13 125.00
13.23 -0.23 125.00
13.11 -0.11 125.00
12.61 0.39 123.00
12.10 0.90 122.00
12.16 0.84 123.00
11.54 1.46 121.00
11.88 1.12 123.00
11.83 1.17 122.00
12.31 0.69 125.00
11.03 1.97 119.00
11.24 1.76 122.00
11.29 1.71 122.00
11.14 1.86 121.00
11.07 1.93 121.00
11.90 1.10 124.00
11.95 1.05 123.00
11.39 1.61 121.00
11.34 1.66 122.00
10.97 2.03 120.00
11.37 1.63 122.00
10.81 2.19 119.00
10.37 2.63 119.00
10.88 2.12 122.00
10.32 2.68 119.00
10.32 2.68 120.00
10.83 2.17 122.00
10.57 2.43 120.00
10.71 2.29 121.00
10.71 2.29 120.00
10.83 2.17 121.00
10.32 2.68 119.00
10.32 2.68 120.00
10.32 2.68 120.00
10.88 2.12 122.00
10.78 2.22 120.00
10.37 2.63 119.00
10.93 2.07 122.00
10.81 2.19 120.00
11.29 1.71 122.00
10.86 2.14 120.00
11.42 1.58 123.00
11.37 1.63 122.00
11.68 1.32 123.00
11.54 1.46 122.00
11.49 1.51 122.00
11.54 1.46 122.00
11.14 1.86 120.00
11.29 1.71 122.00
11.22 1.78 121.00
11.68 1.32 123.00
11.85 1.15 123.00
12.21 0.79 124.00
12.26 0.74 123.00
11.88 1.12 122.00
12.04 0.96 123.00
11.58 1.42 121.00
11.39 1.61 121.00
12.19 0.81 125.00
12.60 0.40 125.00
13.11 -0.11 125.00
13.16 -0.16 125.00
12.90 0.10 124.00
12.85 0.15 125.00
12.90 0.10 125.00
13.94 -0.94 128.00
14.33 -1.33 128.00
14.38 -1.38 127.00
14.43 -1.43 127.00
14.48 -1.48 127.00
14.54 -1.54 128.00
14.59 -1.59 128.00
15.15 -2.15 130.00
15.49 -2.49 130.00
15.96 -2.96 131.00
17.58 -4.58 136.00
18.16 -5.16 135.00
17.02 -4.02 130.00
17.43 -4.43 134.00
16.42 -3.42 129.00
16.83 -3.83 132.00
16.10 -3.10 129.00
15.96 -2.96 130.00
15.50 -2.50 128.00
15.05 -2.05 128.00
14.69 -1.69 127.00
14.54 -1.54 127.00
14.89 -1.89 129.00
14.48 -1.48 126.00
14.35 -1.35 127.00
13.82 -0.82 125.00
12.90 0.10 123.00
12.97 0.03 125.00
13.21 -0.21 125.00
13.11 -0.11 125.00
13.18 -0.18 125.00
12.55 0.45 123.00
11.65 1.35 120.00
11.58 1.42 122.00
12.05 0.95 124.00
11.88 1.12 122.00
12.24 0.76 124.00
12.29 0.71 124.00
11.73 1.27 121.00
11.68 1.32 122.00
10.98 2.02 119.00
11.27 1.73 122.00
11.14 1.86 121.00
11.53 1.47 123.00
11.58 1.42 122.00
11.88 1.12 123.00
11.42 1.58 121.00
11.39 1.61 122.00
11.48 1.52 122.00
11.78 1.22 123.00
11.32 1.68 121.00
10.98 2.02 120.00
10.97 2.03 121.00
10.86 2.14 120.00
10.86 2.14 121.00
10.97 2.03 121.00
11.27 1.73 122.00
11.03 1.97 121.00
11.29 1.71 122.00
10.98 2.02 120.00
10.86 2.14 120.00
10.86 2.14 121.00
10.97 2.03 121.00
11.34 1.66 122.00
11.32 1.68 122.00
11.78 1.22 123.00
11.48 1.52 121.00
11.37 1.63 122.00
11.83 1.17 123.00
11.53 1.47 122.00
11.48 1.52 122.00
11.24 1.76 121.00
11.53 1.47 122.00
11.22 1.78 121.00
11.59 1.41 123.00
11.17 1.83 120.00
11.32 1.68 122.00
11.73 1.27 123.00
11.27 1.73 121.00
11.75 1.25 123.00
11.88 1.12 123.00
12.26 0.74 124.00
11.88 1.12 122.00
12.04 0.96 123.00
12.09 0.91 123.00
12.04 0.96 123.00
12.09 0.91 123.00
12.56 0.44 125.00
12.36 0.64 123.00
13.11 -0.11 126.00
13.16 -0.16 125.00
12.80 0.20 124.00
12.87 0.13 125.00
12.90 0.10 125.00
13.92 -0.92 128.00
13.87 -0.87 126.00
14.79 -1.79 130.00
14.94 -1.94 128.00
14.89 -1.89 128.00
14.94 -1.94 128.00
14.52 -1.52 126.00
14.59 -1.59 128.00
15.05 -2.05 129.00
15.05 -2.05 128.00
15.50 -2.50 130.00
15.50 -2.50 129.00
16.37 -3.37 132.00
16.37 -3.37 131.00
16.37 -3.37 131.00
16.35 -3.35 131.00
15.50 -2.50 128.00
15.05 -2.05 128.00
14.59 -1.59 126.00
14.99 -1.99 129.00
14.64 -1.64 127.00
14.93 -1.93 128.00
14.43 -1.43 126.00
15.25 -2.25 130.00
14.33 -1.33 125.00
14.28 -1.28 127.00
13.36 -0.36 124.00
13.41 -0.41 125.00
13.26 -0.26 125.00
12.75 0.25 123.00
13.67 -0.67 128.00
13.06 -0.06 124.00
12.14 0.86 122.00
12.09 0.91 123.00
12.14 0.86 123.00
11.34 1.66 120.00
11.93 1.07 124.00
12.00 1.00 123.00
11.95 1.05 123.00
12.24 0.76 124.00
12.19 0.81 123.00
11.83 1.17 122.00
11.27 1.73 120.00
11.68 1.32 123.00
11.22 1.78 120.00
11.34 1.66 122.00
11.19 1.81 121.00
11.58 1.42 123.00
11.22 1.78 121.00
11.14 1.86 121.00
11.53 1.47 123.00
11.53 1.47 122.00
10.93 2.07 120.00
11.08 1.92 122.00
11.53 1.47 123.00
11.63 1.37 122.00
11.12 1.88 120.00
11.14 1.86 121.00
11.14 1.86 121.00
11.27 1.73 122.00
11.17 1.83 121.00
11.65 1.35 123.00
11.32 1.68 121.00
11.32 1.68 122.00
11.68 1.32 123.00
11.29 1.71 121.00
11.14 1.86 121.00
11.75 1.25 124.00
12.19 0.81 124.00
11.90 1.10 122.00
12.26 0.74 124.00
12.31 0.69 124.00
11.88 1.12 122.00
12.04 0.96 123.00
11.99 1.01 123.00
11.58 1.42 121.00
11.63 1.37 122.00
12.19 0.81 124.00
12.14 0.86 123.00
12.60 0.40 125.00
12.75 0.25 125.00
13.57 -0.57 127.00
12.73 0.27 123.00
12.80 0.20 125.00
12.61 0.39 124.00
13.33 -0.33 126.00
13.38 -0.38 125.00
13.94 -0.94 127.00
13.89 -0.89 126.00
14.35 -1.35 128.00
14.50 -1.50 128.00
14.45 -1.45 127.00
14.91 -1.91 129.00
14.50 -1.50 126.00
14.94 -1.94 129.00
14.55 -1.55 127.00
14.54 -1.54 127.00
14.65 -1.65 128.00
14.55 -1.55 127.00
14.54 -1.54 127.00
14.54 -1.54 127.00
14.55 -1.55 127.00
14.55 -1.55 127.00
14.54 -1.54 127.00
14.48 -1.48 127.00
14.48 -1.48 127.00
14.43 -1.43 127.00
14.94 -1.94 129.00
14.79 -1.79 128.00
14.33 -1.33 126.00
13.41 -0.41 124.00
13.36 -0.36 125.00
12.90 0.10 124.00
12.85 0.15 125.00
12.90 0.10 125.00
13.19 -0.19 125.00
13.16 -0.16 125.00
13.11 -0.11 125.00
12.61 0.39 123.00
12.16 0.84 122.00
12.09 0.91 123.00
11.73 1.27 122.00
11.58 1.42 122.00
12.00 1.00 124.00
11.70 1.30 122.00
12.44 0.56 125.00
12.29 0.71 123.00
11.85 1.15 122.00
11.90 1.10 123.00
11.78 1.22 122.00
11.75 1.25 122.00
11.73 1.27 122.00
11.83 1.17 123.00
11.73 1.27 122.00
11.73 1.27 122.00
11.83 1.17 123.00
11.73 1.27 122.00
11.73 1.27 122.00
11.54 1.46 122.00
12.34 0.66 125.00
11.83 1.17 122.00
12.29 0.71 124.00
11.99 1.01 122.00
11.95 1.05 123.00
12.39 0.61 125.00
11.99 1.01 122.00
11.70 1.30 122.00
11.63 1.37 122.00
12.09 0.91 124.00
12.19 0.81 123.00
12.60 0.40 125.00
13.06 -0.06 125.00
13.11 -0.11 125.00
13.67 -0.67 127.00
12.75 0.25 122.00
12.80 0.20 125.00
13.12 -0.12 125.00
12.61 0.39 123.00
12.90 0.10 125.00
13.36 -0.36 126.00
13.92 -0.92 127.00
14.28 -1.28 128.00
13.87 -0.87 125.00
14.45 -1.45 128.00
14.79 -1.79 128.00
14.40 -1.40 126.00
14.84 -1.84 129.00
14.43 -1.43 126.00
14.43 -1.43 127.00
14.45 -1.45 127.00
14.89 -1.89 129.00
14.43 -1.43 126.00
14.84 -1.84 128.00
14.94 -1.94 128.00
14.38 -1.38 126.00
14.79 -1.79 128.00
14.33 -1.33 126.00
13.87 -0.87 125.00
13.43 -0.43 125.00
13.36 -0.36 125.00
13.02 -0.02 124.00
13.31 -0.31 125.00
12.85 0.15 124.00
12.80 0.20 124.00
13.21 -0.21 125.00
13.16 -0.16 125.00
13.11 -0.11 125.00
12.75 0.25 124.00
12.61 0.39 124.00
12.14 0.86 122.00
12.65 0.35 125.00
12.19 0.81 122.00
11.63 1.37 121.00
12.04 0.96 124.00
11.68 1.32 122.00
11.73 1.27 122.00
12.39 0.61 125.00
11.93 1.07 122.00
12.04 0.96 123.00
12.34 0.66 124.00
11.88 1.12 122.00
11.99 1.01 123.00
12.29 0.71 124.00
12.29 0.71 123.00
12.29 0.71 123.00
12.39 0.61 124.00
11.85 1.15 122.00
12.29 0.71 124.00
12.39 0.61 124.00
12.05 0.95 122.00
11.88 1.12 122.00
11.88 1.12 122.00
11.99 1.01 123.00
12.36 0.64 124.00
11.93 1.07 122.00
12.05 0.95 123.00
11.93 1.07 122.00
11.99 1.01 123.00
11.97 1.03 123.00
11.68 1.32 122.00
11.58 1.42 122.00
12.04 0.96 124.00
11.73 1.27 122.00
12.19 0.81 124.00
12.10 0.90 123.00
12.31 0.69 124.00
12.85 0.15 125.00
12.60 0.40 124.00
12.65 0.35 124.00
13.11 -0.11 125.00
13.57 -0.57 126.00
13.16 -0.16 124.00
12.75 0.25 124.00
13.31 -0.31 126.00
12.80 0.20 123.00
12.85 0.15 125.00
12.95 0.05 125.00
13.31 -0.31 125.00
12.90 0.10 124.00
13.36 -0.36 126.00
13.46 -0.46 125.00
13.82 -0.82 127.00
13.41 -0.41 125.00
13.52 -0.52 125.00
13.87 -0.87 127.00
13.87 -0.87 126.00
13.86 -0.86 126.00
13.87 -0.87 126.00
14.33 -1.33 128.00
13.87 -0.87 125.00
14.42 -1.42 128.00
13.87 -0.87 125.00
13.87 -0.87 126.00
13.97 -0.97 126.00
13.87 -0.87 126.00
13.41 -0.41 125.00
13.41 -0.41 125.00
13.82 -0.82 127.00
13.36 -0.36 125.00
12.90 0.10 124.00
13.01 -0.01 125.00
13.31 -0.31 125.00
12.61 0.39 123.00
12.85 0.15 125.00
12.90 0.10 125.00
12.80 0.20 124.00
13.21 -0.21 125.00
13.26 -0.26 125.00
13.16 -0.16 125.00
13.57 -0.57 126.00
13.11 -0.11 124.00
12.65 0.35 123.00
13.06 -0.06 125.00
12.60 0.40 123.00
12.24 0.76 122.00
12.14 0.86 123.00
12.55 0.45 125.00
12.09 0.91 122.00
12.19 0.81 123.00
11.63 1.37 121.00
11.63 1.37 122.00
12.14 0.86 124.00
12.04 0.96 123.00
12.04 0.96 123.00
11.78 1.22 122.00
11.68 1.32 122.00
12.04 0.96 124.00
12.04 0.96 123.00
12.14 0.86 123.00
12.04 0.96 123.00
11.63 1.37 122.00
11.63 1.37 122.00
11.73 1.27 122.00
11.65 1.35 122.00
12.10 0.90 124.00
12.19 0.81 123.00
12.09 0.91 123.00
12.09 0.91 123.00
12.29 0.71 124.00
12.24 0.76 123.00
12.14 0.86 123.00
12.60 0.40 125.00
12.70 0.30 125.00
13.06 -0.06 125.00
13.52 -0.52 126.00
13.11 -0.11 124.00
13.23 -0.23 125.00
13.16 -0.16 125.00
13.16 -0.16 125.00
12.85 0.15 124.00
12.75 0.25 124.00
13.21 -0.21 125.00
13.21 -0.21 125.00
12.90 0.10 124.00
12.80 0.20 124.00
13.26 -0.26 126.00
12.95 0.05 124.00
12.85 0.15 124.00
12.85 0.15 125.00
12.85 0.15 125.00
13.31 -0.31 126.00
12.90 0.10 124.00
12.67 0.33 124.00
13.01 -0.01 125.00
12.67 0.33 123.00
12.90 0.10 125.00
13.36 -0.36 126.00
13.01 -0.01 124.00
12.90 0.10 125.00
12.90 0.10 125.00
13.01 -0.01 125.00
13.31 -0.31 125.00
13.31 -0.31 125.00
13.31 -0.31 125.00
12.85 0.15 124.00
12.85 0.15 125.00
12.85 0.15 125.00
12.95 0.05 125.00
12.85 0.15 124.00
12.85 0.15 125.00
12.85 0.15 125.00
12.85 0.15 125.00
12.85 0.15 125.00
13.07 -0.07 125.00
13.18 -0.18 125.00
12.65 0.35 123.00
13.07 -0.07 125.00
13.06 -0.06 125.00
12.65 0.35 123.00
12.90 0.10 125.00
12.90 0.10 125.00
13.41 -0.41 126.00
13.31 -0.31 125.00
13.31 -0.31 125.00
13.41 -0.41 125.00
12.90 0.10 124.00
13.31 -0.31 126.00
12.90 0.10 124.00
13.41 -0.41 126.00
13.31 -0.31 125.00
13.31 -0.31 125.00
13.41 -0.41 125.00
13.31 -0.31 125.00
13.31 -0.31 125.00
13.31 -0.31 125.00
13.31 -0.31 125.00
13.31 -0.31 125.00
13.31 -0.31 125.00
13.41 -0.41 125.00
13.31 -0.31 125.00
13.31 -0.31 125.00
13.01 -0.01 124.00
13.31 -0.31 125.00
12.90 0.10 124.00
13.31 -0.31 126.00
13.01 -0.01 124.00
13.31 -0.31 125.00
13.31 -0.31 125.00
13.41 -0.41 125.00
12.90 0.10 124.00
12.89 0.11 125.00
12.90 0.10 125.00
12.75 0.25 124.00
13.31 -0.31 126.00
13.31 -0.31 125.00
12.75 0.25 123.00
12.90 0.10 125.00
13.31 -0.31 126.00
13.31 -0.31 125.00
13.31 -0.31 125.00
12.90 0.10 124.00
13.31 -0.31 126.00
13.41 -0.41 125.00
13.31 -0.31 125.00
13.31 -0.31 125.00
13.41 -0.41 125.00
12.90 0.10 124.00
13.31 -0.31 126.00
13.31 -0.31 125.00
13.43 -0.43 125.00
13.31 -0.31 125.00
13.31 -0.31 125.00
13.01 -0.01 124.00
12.90 0.10 125.00
13.31 -0.31 126.00
13.31 -0.31 125.00
13.33 -0.33 125.00
12.90 0.10 124.00
13.31 -0.31 126.00
13.43 -0.43 125.00
13.31 -0.31 125.00
13.31 -0.31 125.00
13.43 -0.43 125.00
13.31 -0.31 125.00
13.33 -0.33 125.00
13.31 -0.31 125.00
13.31 -0.31 125.00
13.31 -0.31 125.00
13.31 -0.31 125.00
13.41 -0.41 125.00
13.31 -0.31 125.00
13.31 -0.31 125.00
13.41 -0.41 125.00
13.31 -0.31 125.00
13.31 -0.31 125.00
13.31 -0.31 125.00
13.41 -0.41 125.00
13.31 -0.31 125.00
13.29 -0.29 125.00
13.41 -0.41 125.00
13.31 -0.31 125.00
13.31 -0.31 125.00
13.31 -0.31 125.00
13.33 -0.33 125.00
13.07 -0.07 125.00
13.07 -0.07 125.00
13.18 -0.18 125.00
13.07 -0.07 125.00
13.31 -0.31 125.00
13.41 -0.41 125.00
13.31 -0.31 125.00
12.90 0.10 124.00
12.89 0.11 125.00
13.41 -0.41 126.00
13.31 -0.31 125.00
12.89 0.11 124.00
13.01 -0.01 125.00
12.90 0.10 125.00
13.31 -0.31 126.00
13.31 -0.31 125.00
12.90 0.10 124