11.42
11.59
11.42
11.19
11.34
11.61
11.32
12.05
11.07
11.05
11.32
12.16
11.19
11.29
11.29
11.29
11.19
11.19
11.20
11.14
10.32
10.32
10.17
10.88
10.42
10.88
10.78
10.78
10.78
10.78
10.52
10.78
10.88
10.63
11.34
11.24
10.83
10.83
10.83
11.29
11.27
11.14
11.39
11.39
11.49
11.75
11.34
11.34
11.80
11.80
11.90
11.90
11.70
11.85
11.44
11.19
11.44
11.88
11.49
11.59
11.59
11.59
11.54
11.29
11.54
11.12
10.86
11.17
11.27
11.27
11.27
11.63
11.22
11.22
11.42
11.68
11.68
11.99
12.24
12.29
12.19
12.65
12.24
12.65
12.70
12.04
12.39
12.44
12.19
11.93
11.93
12.39
11.99
11.99
12.04
12.04
12.34
12.60
12.95
12.70
13.41
13.86
13.87
13.92
13.92
14.08
13.97
14.18
13.62
13.21
12.95
13.26
13.26
13.72
13.41
13.87
13.77
14.23
15.71
16.42
17.02
16.35
18.43
17.02
16.61
17.94
16.68
16.68
16.66
16.68
14.99
17.97
17.43
16.17
15.76
15.76
15.96
15.81
15.39
15.54
15.86
17.58
16.30
15.86
15.59
15.45
17.19
16.83
17.29
17.34
16.98
16.30
16.61
15.81
15.81
15.86
15.91
16.37
17.27
16.88
16.93
16.56
16.63
16.22
16.27
16.32
16.78
17.66
18.16
17.34
16.98
17.03
16.63
16.68
16.73
16.78
17.22
18.16
18.21
17.39
17.02
17.07
16.68
17.14
17.19
18.00
18.16
17.80
17.83
17.49
17.09
17.56
17.61
18.12
18.92
18.67
18.72
17.90
17.54
18.00
18.51
18.58
18.63
18.17
17.90
17.97
18.00
18.51
18.67
18.67
18.31
18.36
18.41
18.05
18.97
18.63
18.26
18.77
18.41
18.46
18.97
18.62
18.67
18.77
18.41
18.46
18.97
18.67
18.72
18.36
18.41
18.92
18.67
18.72
18.87
18.67
18.96
18.72
18.77
18.97
18.99
